9
105
1
44
3 2 5 4 7 6 9 8 1
1 1 2 1 5 2 6 1 9 3 12 1 13 4 15 1 17 5 18 1 21 6 23 1 25 7 28 1 29 8 32 1 33 9 40 1 41 1 43 1 44 1 46 1 50 1 54 1 55 1 58 1 59 1 66 1 67 1 69 1 70 1 72 1 76 1 80 1 81 1 84 1 85 1 88 1 90 1 92 1 95 1 98 1 101 1 104 1
0 0 0 0 0 0 0 0 0 0 0 0 0 0 0 0 0 0 0 0 0 0 0 0 0 0 0 0 0 0 0 0 0 0 0 0 0 0 0 0 0 0 0 0 0 0 0 0 0 0 0 0 0 0 0 0 0 0 0 0 0 0 0 0 0 0 0 0 0 0 0 0 0 0 0 0 0 0 0 0 0
2 0 3 4 0 0 0 0 5 0 6 7 0 0 0 0 8 9 10 11 12 0 0 0 0 0 13 14 0 0 15 0 16 0 0 17 0 0 0 0 18 0 19 20 21 0 0 0 22 0 23 24 0 25 0 0 0 0 26 27 28 0 29 0 30 0 0 31 0 0 32 33 9 5 17 13 25 21 33 29 1
2 0 3 4 0 0 0 0 5 0 0 0 0 0 0 0 0 0 10 0 12 0 0 0 0 0 13 14 0 0 15 0 16 0 0 17 0 0 0 0 18 0 19 20 21 0 0 0 22 0 23 24 0 25 0 0 0 0 26 27 28 0 29 0 0 0 0 31 0 0 32 33 9 0 17 13 25 21 33 29 2
0 0 0 0 0 0 0 0 0 0 0 0 0 0 0 0 0 0 34 0 0 0 0 0 0 0 0 0 0 0 0 0 0 0 0 0 0 0 0 0 0 0 0 0 0 0 0 0 0 0 0 0 0 0 0 0 0 0 0 0 0 0 0 0 0 0 0 0 0 0 0 0 0 0 0 0 0 0 0 0 3
0 0 0 0 0 0 0 0 0 0 0 0 0 0 0 0 0 0 0 0 0 0 0 0 0 0 0 0 0 0 0 0 0 0 0 0 0 0 0 0 0 0 0 0 0 0 0 0 0 0 0 0 0 0 0 0 0 0 0 0 0 0 0 35 0 0 0 0 0 0 0 0 0 0 0 0 0 0 0 0 4
0 0 0 0 0 0 0 0 0 0 0 0 0 0 0 0 0 0 0 0 0 0 0 0 0 0 0 0 0 0 0 0 0 0 0 0 0 0 0 0 0 0 0 0 0 0 0 0 0 0 0 0 0 0 0 0 0 0 0 0 0 0 0 0 0 0 0 0 0 0 0 0 0 0 0 0 0 0 0 0 5
0 0 0 0 0 0 0 0 0 0 6 7 0 0 0 0 8 9 0 11 12 0 0 0 0 0 13 0 0 0 15 0 16 0 0 17 0 0 0 0 18 0 19 20 21 0 0 0 22 0 23 24 0 25 0 0 0 0 26 27 28 0 29 0 30 0 0 31 0 0 32 33 0 5 17 13 25 21 33 29 6
0 0 0 0 0 0 0 0 0 0 0 0 0 0 0 0 0 0 0 0 0 0 0 36 0 0 0 0 0 0 0 0 0 0 0 0 0 0 0 0 0 0 0 0 0 0 0 0 0 0 0 0 0 0 0 0 0 0 0 0 0 0 0 0 0 0 0 0 0 0 0 0 0 0 0 0 0 0 0 0 7
0 0 0 0 0 0 0 0 0 0 0 0 0 0 0 0 0 0 0 0 0 0 0 0 0 0 0 0 0 0 0 0 37 0 0 0 0 0 0 0 0 0 0 0 0 0 0 0 0 0 0 0 0 0 0 0 0 0 0 0 0 0 0 0 0 0 0 0 0 0 0 0 0 0 0 0 0 0 0 0 8
0 0 0 0 0 0 0 0 0 0 0 0 0 0 0 0 0 0 0 0 0 0 0 0 0 0 0 0 0 0 0 0 0 0 0 0 0 0 0 0 0 0 0 0 0 0 0 0 0 0 0 0 0 0 0 0 0 0 0 0 0 0 0 0 0 0 0 0 0 0 0 0 0 0 0 0 0 0 0 0 9
0 0 38 0 0 0 0 0 0 0 0 0 0 0 0 0 0 0 0 0 0 0 0 0 0 0 0 0 0 0 0 0 0 0 0 0 0 0 0 0 0 0 0 0 0 0 0 0 0 0 0 0 0 0 0 0 0 0 0 0 0 0 0 0 0 0 0 0 0 0 0 0 0 0 0 0 0 0 0 0 10
0 0 0 0 0 0 0 0 0 0 0 0 0 0 0 0 0 0 0 0 0 0 0 0 0 0 0 0 0 0 0 0 0 0 0 0 0 0 0 0 0 0 0 0 0 0 0 39 0 0 0 0 0 0 0 0 0 0 0 0 0 0 0 0 0 0 0 0 0 0 0 0 0 0 0 0 0 0 0 0 11
40 0 3 0 0 0 0 0 5 0 6 7 0 0 0 0 8 9 10 11 12 0 0 0 0 0 13 0 0 0 0 0 0 0 0 0 0 0 0 0 18 0 19 20 21 0 0 0 0 0 41 24 0 25 0 0 0 0 26 27 28 0 29 0 30 0 0 31 0 0 32 33 9 5 17 0 25 21 33 29 12
0 0 0 0 0 0 0 0 0 0 0 0 0 0 0 0 0 0 0 0 0 0 0 0 0 0 0 0 0 0 0 0 0 0 0 0 0 0 0 0 0 0 0 0 0 0 0 0 0 0 0 0 0 0 0 0 0 0 0 0 0 0 0 0 0 0 0 0 0 0 0 0 0 0 0 0 0 0 0 0 13
0 0 0 0 0 0 0 42 0 0 0 0 0 0 0 0 0 0 0 0 0 0 0 0 0 0 0 0 0 0 0 0 0 0 0 0 0 0 0 0 0 0 0 0 0 0 0 0 0 0 0 0 0 0 0 0 0 0 0 0 0 0 0 0 0 0 0 0 0 0 0 0 0 0 0 0 0 0 0 0 14
43 0 0 4 0 0 0 0 5 0 44 0 0 0 0 0 8 9 0 0 0 0 0 0 0 0 0 14 0 0 15 0 16 0 0 17 0 0 0 0 18 0 19 20 21 0 0 0 22 0 23 24 0 25 0 0 0 0 26 27 28 0 29 0 30 0 0 31 0 0 32 33 9 5 0 13 25 21 33 29 15
0 0 0 0 0 0 0 0 0 0 0 0 0 0 0 0 45 0 0 0 0 0 0 0 0 0 0 0 0 0 0 0 0 0 0 0 0 0 0 0 0 0 0 0 0 0 0 0 0 0 0 0 0 0 0 0 0 0 0 0 0 0 0 0 0 0 0 0 0 0 0 0 0 0 0 0 0 0 0 0 16
0 0 0 0 0 0 0 0 0 0 0 0 0 0 0 0 0 0 0 0 0 0 0 0 0 0 0 0 0 0 0 0 0 0 0 0 0 0 0 0 0 0 0 0 0 0 0 0 0 0 0 0 0 0 0 0 0 0 0 0 0 0 0 0 0 0 0 0 0 0 0 0 0 0 0 0 0 0 0 0 17
2 0 3 4 0 0 0 0 5 0 6 7 0 0 0 0 8 9 10 11 12 0 0 0 0 0 13 14 0 0 46 0 0 0 0 17 0 0 0 0 18 0 19 20 21 0 0 0 0 0 0 0 0 0 0 0 0 0 26 0 28 0 29 0 30 0 0 31 0 0 32 33 9 5 17 13 25 0 33 29 18
0 0 0 0 0 0 0 0 0 0 0 0 0 0 0 0 0 0 0 0 0 0 0 0 0 0 0 0 0 0 0 0 0 0 0 0 0 0 0 0 0 0 0 0 0 0 0 0 0 0 0 0 0 0 0 0 0 0 47 0 0 0 0 0 0 0 0 0 0 0 0 0 0 0 0 0 0 0 0 0 19
0 0 0 0 0 0 0 0 0 0 0 0 0 0 0 0 0 0 0 0 0 0 0 0 0 0 0 0 0 0 0 48 0 0 0 0 0 0 0 0 0 0 0 0 0 0 0 0 0 0 0 0 0 0 0 0 0 0 0 0 0 0 0 0 0 0 0 0 0 0 0 0 0 0 0 0 0 0 0 0 20
0 0 0 0 0 0 0 0 0 0 0 0 0 0 0 0 0 0 0 0 0 0 0 0 0 0 0 0 0 0 0 0 0 0 0 0 0 0 0 0 0 0 0 0 0 0 0 0 0 0 0 0 0 0 0 0 0 0 0 0 0 0 0 0 0 0 0 0 0 0 0 0 0 0 0 0 0 0 0 0 21
0 0 0 0 0 0 0 0 0 0 0 0 0 0 0 0 0 0 0 0 0 0 0 0 0 0 0 0 0 0 0 0 0 0 0 0 0 0 0 0 0 0 0 0 0 0 0 0 0 0 0 0 0 0 0 0 0 0 0 0 0 0 0 0 49 0 0 0 0 0 0 0 0 0 0 0 0 0 0 0 22
2 0 3 4 0 0 0 0 5 0 6 7 0 0 0 0 8 9 10 11 12 0 0 0 0 0 13 14 0 0 15 0 16 0 0 17 0 0 0 0 0 0 0 0 0 0 0 0 22 0 23 24 0 25 0 0 0 0 0 27 28 0 29 0 30 0 0 0 0 0 50 33 9 5 17 13 0 21 33 29 23
0 0 0 0 0 0 0 0 0 0 0 0 0 0 0 0 0 0 0 0 0 0 0 0 0 0 0 0 0 0 0 0 0 0 0 0 0 0 0 0 0 0 0 0 0 0 0 0 0 0 0 0 0 0 0 51 0 0 0 0 0 0 0 0 0 0 0 0 0 0 0 0 0 0 0 0 0 0 0 0 24
0 0 0 0 0 0 0 0 0 0 0 0 0 0 0 0 0 0 0 0 0 0 0 0 0 0 0 0 0 0 0 0 0 0 0 0 0 0 0 0 0 0 0 0 0 0 0 0 0 0 0 0 0 0 0 0 0 0 0 0 0 0 0 0 0 0 0 0 0 0 0 0 0 0 0 0 0 0 0 0 25
0 0 0 0 0 0 0 0 0 0 0 0 0 0 0 0 0 0 0 0 0 0 0 0 0 0 0 0 0 0 0 0 0 0 0 0 0 0 0 0 0 0 52 0 0 0 0 0 0 0 0 0 0 0 0 0 0 0 0 0 0 0 0 0 0 0 0 0 0 0 0 0 0 0 0 0 0 0 0 0 26
0 0 0 0 0 0 0 0 0 0 0 0 0 0 0 53 0 0 0 0 0 0 0 0 0 0 0 0 0 0 0 0 0 0 0 0 0 0 0 0 0 0 0 0 0 0 0 0 0 0 0 0 0 0 0 0 0 0 0 0 0 0 0 0 0 0 0 0 0 0 0 0 0 0 0 0 0 0 0 0 27
2 0 3 4 0 0 0 0 5 0 54 7 0 0 0 0 0 9 10 11 12 0 0 0 0 0 13 14 0 0 15 0 16 0 0 17 0 0 0 0 55 0 19 0 21 0 0 0 22 0 23 24 0 25 0 0 0 0 26 27 28 0 29 0 0 0 0 0 0 0 0 0 9 5 17 13 25 21 33 0 28
0 0 0 0 0 0 0 0 0 0 0 0 0 0 0 0 0 0 0 0 0 0 0 0 0 0 0 0 0 0 0 0 0 0 0 0 0 0 0 0 0 0 0 0 0 0 0 0 0 0 0 0 0 0 0 0 0 0 0 0 0 0 0 0 0 0 0 0 0 0 0 0 0 0 0 0 0 0 0 0 29
0 0 0 0 0 0 0 0 0 0 0 0 0 0 0 0 0 0 0 0 0 0 0 0 0 0 0 0 0 0 0 0 0 0 0 0 0 0 0 0 0 0 0 0 0 0 0 0 56 0 0 0 0 0 0 0 0 0 0 0 0 0 0 0 0 0 0 0 0 0 0 0 0 0 0 0 0 0 0 0 30
0 0 0 0 0 0 0 0 0 0 0 0 0 0 0 0 0 0 0 0 0 0 0 0 0 0 0 0 0 0 0 0 0 0 0 0 0 0 0 57 0 0 0 0 0 0 0 0 0 0 0 0 0 0 0 0 0 0 0 0 0 0 0 0 0 0 0 0 0 0 0 0 0 0 0 0 0 0 0 0 31
2 0 3 4 0 0 0 0 5 0 6 7 0 0 0 0 8 9 10 11 12 0 0 0 0 0 13 14 0 0 15 0 16 0 0 17 0 0 0 0 58 0 0 20 21 0 0 0 22 0 59 0 0 25 0 0 0 0 0 0 0 0 0 0 30 0 0 31 0 0 32 33 9 5 17 13 25 21 0 29 32
0 0 0 0 0 0 0 0 0 0 0 0 0 0 0 0 0 0 0 0 0 0 0 0 0 0 0 0 0 0 0 0 0 0 0 0 0 0 0 0 0 0 0 0 0 0 0 0 0 0 0 0 0 0 0 0 0 0 0 0 0 0 0 0 0 0 0 0 0 0 0 0 0 0 0 0 0 0 0 0 33
0 0 0 0 0 0 0 0 0 0 0 0 0 0 0 0 0 0 0 0 0 0 0 0 0 0 0 0 0 0 0 0 0 0 0 0 0 0 0 0 0 0 0 0 0 0 0 0 0 0 0 0 60 0 0 0 0 0 0 0 0 0 0 0 0 0 0 0 0 0 0 0 0 0 0 0 0 0 0 0 34
0 0 0 0 0 0 0 0 0 0 0 0 0 0 0 0 0 0 0 0 0 0 0 0 0 0 0 0 0 0 0 0 0 0 0 0 0 0 0 0 0 0 0 0 0 0 0 61 0 0 0 0 0 0 0 0 0 0 0 0 0 0 0 0 0 0 0 0 0 0 0 0 0 0 0 0 0 0 0 0 35
0 0 0 0 0 0 0 62 0 0 0 0 0 0 0 0 0 0 0 0 0 0 0 0 0 0 0 0 0 0 0 0 0 0 0 0 0 0 0 0 0 0 0 0 0 0 0 0 0 0 0 0 0 0 0 0 0 0 0 0 0 0 0 0 0 0 0 0 0 0 0 0 0 0 0 0 0 0 0 0 36
0 0 0 0 0 0 63 0 0 0 0 0 0 0 0 0 0 0 0 0 0 0 0 0 0 0 0 0 0 0 0 0 0 0 0 0 0 0 0 0 0 0 0 0 0 0 0 0 0 0 0 0 0 0 0 0 0 0 0 0 0 0 0 0 0 0 0 0 0 0 0 0 0 0 0 0 0 0 0 0 37
0 0 0 0 0 0 0 0 0 0 0 0 0 0 0 0 0 0 0 0 0 0 0 0 0 0 0 0 0 0 0 0 0 0 0 0 0 0 0 0 0 0 0 0 0 0 0 0 0 0 0 0 0 0 0 0 0 0 0 0 0 0 0 0 0 0 0 0 64 0 0 0 0 0 0 0 0 0 0 0 38
0 0 0 0 0 0 0 0 0 0 0 0 0 0 0 0 0 0 0 0 0 0 0 0 0 0 0 0 0 0 0 0 0 0 0 0 0 0 0 0 0 0 0 0 0 0 0 0 0 0 0 0 0 0 0 0 0 0 0 0 0 0 0 65 0 0 0 0 0 0 0 0 0 0 0 0 0 0 0 0 39
2 0 3 4 0 0 0 0 5 0 0 0 0 0 0 0 0 0 10 0 12 0 0 0 0 0 13 14 0 0 15 0 16 0 0 17 0 0 0 0 18 0 19 20 21 0 0 0 22 0 23 24 0 25 0 0 0 0 26 27 28 0 29 0 0 0 0 31 0 0 66 33 9 0 17 13 25 21 33 29 40
2 0 3 4 0 0 0 0 5 0 6 7 0 0 0 0 8 9 10 11 12 0 0 0 0 0 13 14 0 0 15 0 16 0 0 17 0 0 0 0 0 0 0 0 0 0 0 0 22 0 23 24 0 25 0 0 0 0 0 27 28 0 29 0 30 0 0 0 0 0 67 33 9 5 17 13 0 21 33 29 41
0 0 0 0 0 0 0 0 0 0 0 0 0 0 0 0 0 0 0 0 0 0 0 68 0 0 0 0 0 0 0 0 0 0 0 0 0 0 0 0 0 0 0 0 0 0 0 0 0 0 0 0 0 0 0 0 0 0 0 0 0 0 0 0 0 0 0 0 0 0 0 0 0 0 0 0 0 0 0 0 42
2 0 3 4 0 0 0 0 5 0 0 0 0 0 0 0 0 0 10 0 69 0 0 0 0 0 13 14 0 0 15 0 16 0 0 17 0 0 0 0 18 0 19 20 21 0 0 0 22 0 23 24 0 25 0 0 0 0 26 27 28 0 29 0 0 0 0 31 0 0 32 33 9 0 17 13 25 21 33 29 43
0 0 0 0 0 0 0 0 0 0 6 7 0 0 0 0 8 9 0 11 70 0 0 0 0 0 13 0 0 0 15 0 16 0 0 17 0 0 0 0 18 0 19 20 21 0 0 0 22 0 23 24 0 25 0 0 0 0 26 27 28 0 29 0 30 0 0 31 0 0 32 33 0 5 17 13 25 21 33 29 44
0 0 0 0 0 0 0 0 0 0 0 0 0 0 0 0 0 0 0 0 0 0 71 0 0 0 0 0 0 0 0 0 0 0 0 0 0 0 0 0 0 0 0 0 0 0 0 0 0 0 0 0 0 0 0 0 0 0 0 0 0 0 0 0 0 0 0 0 0 0 0 0 0 0 0 0 0 0 0 0 45
43 0 0 4 0 0 0 0 5 0 72 0 0 0 0 0 8 9 0 0 0 0 0 0 0 0 0 14 0 0 15 0 16 0 0 17 0 0 0 0 18 0 19 20 21 0 0 0 22 0 23 24 0 25 0 0 0 0 26 27 28 0 29 0 30 0 0 31 0 0 32 33 9 5 0 13 25 21 33 29 46
0 0 0 0 0 0 0 0 0 0 0 0 73 0 0 0 0 0 0 0 0 0 0 0 0 0 0 0 0 0 0 0 0 0 0 0 0 0 0 0 0 0 0 0 0 0 0 0 0 0 0 0 0 0 0 0 0 0 0 0 0 0 0 0 0 0 0 0 0 0 0 0 0 0 0 0 0 0 0 0 47
0 0 0 0 0 0 0 0 0 0 0 0 0 0 0 74 0 0 0 0 0 0 0 0 0 0 0 0 0 0 0 0 0 0 0 0 0 0 0 0 0 0 0 0 0 0 0 0 0 0 0 0 0 0 0 0 0 0 0 0 0 0 0 0 0 0 0 0 0 0 0 0 0 0 0 0 0 0 0 0 48
0 0 0 0 0 0 0 0 0 0 0 0 0 0 0 0 0 0 0 0 0 0 0 0 0 0 0 0 0 0 0 0 0 0 0 0 0 0 75 0 0 0 0 0 0 0 0 0 0 0 0 0 0 0 0 0 0 0 0 0 0 0 0 0 0 0 0 0 0 0 0 0 0 0 0 0 0 0 0 0 49
2 0 3 4 0 0 0 0 5 0 6 7 0 0 0 0 8 9 10 11 12 0 0 0 0 0 13 14 0 0 15 0 16 0 0 17 0 0 0 0 76 0 0 20 21 0 0 0 22 0 59 0 0 25 0 0 0 0 0 0 0 0 0 0 30 0 0 31 0 0 32 33 9 5 17 13 25 21 0 29 50
0 0 0 0 0 0 0 0 0 0 0 0 0 0 0 0 0 0 0 0 0 0 0 0 0 0 0 0 0 0 0 0 0 0 0 0 0 0 0 77 0 0 0 0 0 0 0 0 0 0 0 0 0 0 0 0 0 0 0 0 0 0 0 0 0 0 0 0 0 0 0 0 0 0 0 0 0 0 0 0 51
0 0 0 0 0 0 0 0 0 0 0 0 0 0 0 0 0 0 0 0 0 0 0 0 0 0 0 0 78 0 0 0 0 0 0 0 0 0 0 0 0 0 0 0 0 0 0 0 0 0 0 0 0 0 0 0 0 0 0 0 0 0 0 0 0 0 0 0 0 0 0 0 0 0 0 0 0 0 0 0 52
0 0 0 0 0 0 0 0 0 0 0 0 0 0 0 0 0 0 0 0 0 0 0 0 0 0 0 0 0 0 0 79 0 0 0 0 0 0 0 0 0 0 0 0 0 0 0 0 0 0 0 0 0 0 0 0 0 0 0 0 0 0 0 0 0 0 0 0 0 0 0 0 0 0 0 0 0 0 0 0 53
0 0 0 0 0 0 0 0 0 0 6 7 0 0 0 0 8 9 0 11 12 0 0 0 0 0 13 0 0 0 80 0 16 0 0 17 0 0 0 0 18 0 19 20 21 0 0 0 22 0 23 24 0 25 0 0 0 0 26 27 28 0 29 0 30 0 0 31 0 0 32 33 0 5 17 13 25 21 33 29 54
2 0 3 4 0 0 0 0 5 0 6 7 0 0 0 0 8 9 10 11 12 0 0 0 0 0 13 14 0 0 81 0 0 0 0 17 0 0 0 0 18 0 19 20 21 0 0 0 0 0 0 0 0 0 0 0 0 0 26 0 28 0 29 0 30 0 0 31 0 0 32 33 9 5 17 13 25 0 33 29 55
0 0 0 0 0 0 0 0 0 0 0 0 0 0 0 0 0 0 0 0 0 0 0 0 0 0 0 0 0 0 0 0 0 0 0 0 0 0 0 0 0 0 0 0 0 0 0 0 0 0 0 0 0 0 82 0 0 0 0 0 0 0 0 0 0 0 0 0 0 0 0 0 0 0 0 0 0 0 0 0 56
0 0 0 0 0 0 0 0 0 0 0 0 0 0 0 0 0 0 0 0 0 0 0 0 0 0 0 0 0 0 0 0 0 0 0 0 0 0 0 0 0 0 0 0 0 0 0 0 0 0 0 0 0 0 0 83 0 0 0 0 0 0 0 0 0 0 0 0 0 0 0 0 0 0 0 0 0 0 0 0 57
2 0 3 4 0 0 0 0 5 0 6 7 0 0 0 0 8 9 10 11 12 0 0 0 0 0 13 14 0 0 46 0 0 0 0 17 0 0 0 0 18 0 19 20 21 0 0 0 0 0 0 0 0 0 0 0 0 0 26 0 84 0 29 0 30 0 0 31 0 0 32 33 9 5 17 13 25 0 33 29 58
2 0 3 4 0 0 0 0 5 0 6 7 0 0 0 0 8 9 10 11 12 0 0 0 0 0 13 14 0 0 15 0 16 0 0 17 0 0 0 0 0 0 0 0 0 0 0 0 22 0 23 24 0 25 0 0 0 0 0 27 85 0 29 0 30 0 0 0 0 0 50 33 9 5 17 13 0 21 33 29 59
0 0 0 0 0 0 0 0 0 0 0 0 0 0 0 0 0 0 0 0 0 0 0 0 0 0 0 0 0 0 0 0 0 0 0 0 0 0 0 0 0 0 0 0 0 0 0 0 0 0 0 0 0 0 0 0 0 0 0 0 0 0 0 0 0 0 86 0 0 0 0 25 0 0 0 0 0 0 0 0 60
0 0 0 0 0 0 0 0 0 0 0 0 0 0 0 0 0 0 0 0 0 0 0 0 0 0 0 0 0 0 0 0 0 0 0 0 0 0 0 0 0 0 0 0 0 0 0 0 0 0 0 0 0 0 0 0 0 0 0 0 24 0 25 0 0 0 0 0 0 0 0 0 0 0 0 0 0 0 0 0 61
0 0 0 0 0 0 0 0 0 0 0 0 0 0 0 0 0 0 0 0 0 0 0 0 0 0 0 0 0 0 0 0 0 0 0 0 0 0 0 0 0 0 0 0 0 0 0 0 0 0 0 0 0 0 0 0 0 0 0 0 0 0 0 0 0 0 0 0 0 0 20 21 0 0 0 0 0 0 0 0 62
0 0 0 0 0 0 0 0 0 0 0 0 0 0 0 0 0 0 0 0 0 0 0 0 19 0 21 0 0 0 0 0 0 0 0 0 0 0 0 0 0 0 0 0 0 0 0 0 0 0 0 0 0 0 0 0 0 0 0 0 0 0 0 0 0 0 0 0 0 0 0 0 0 0 0 0 0 0 0 0 63
0 0 0 0 0 0 0 0 0 0 0 0 0 0 0 0 0 0 0 0 0 0 0 0 0 0 0 0 0 0 0 0 0 0 87 0 0 0 0 0 0 0 0 0 0 0 0 0 0 0 0 0 0 0 0 0 0 0 0 0 0 0 0 0 0 0 0 0 0 0 0 0 0 0 0 0 0 0 0 21 64
0 0 0 0 0 0 0 0 0 0 0 0 0 0 0 0 0 0 0 0 0 0 0 0 0 0 0 0 0 0 0 0 0 0 0 0 0 0 0 0 0 0 0 0 0 0 0 0 0 0 0 0 0 0 0 0 0 0 0 0 0 0 0 0 0 0 0 0 0 0 31 0 0 0 0 0 0 0 0 25 65
2 0 3 4 0 0 0 0 5 0 6 7 0 0 0 0 8 9 10 11 12 0 0 0 0 0 13 14 0 0 46 0 0 0 0 17 0 0 0 0 58 0 0 20 21 0 0 0 0 0 0 0 0 0 0 0 0 0 0 0 0 0 0 0 30 0 0 31 0 0 32 33 9 5 17 13 25 0 0 29 66
2 0 3 4 0 0 0 0 5 0 6 7 0 0 0 0 8 9 10 11 12 0 0 0 0 0 13 14 0 0 15 0 16 0 0 17 0 0 0 0 0 0 0 0 0 0 0 0 22 0 59 0 0 25 0 0 0 0 0 0 0 0 0 0 30 0 0 0 0 0 32 33 9 5 17 13 0 21 0 29 67
0 0 0 0 0 0 0 0 0 0 0 0 0 0 0 0 0 0 0 0 0 0 0 0 0 0 0 0 0 0 0 0 0 0 0 0 0 0 0 0 0 0 0 0 0 0 0 0 0 0 0 0 0 0 0 0 0 0 0 0 27 0 0 0 0 0 0 0 0 0 0 0 0 0 0 0 0 0 21 0 68
40 0 3 0 0 0 0 0 5 0 6 7 0 0 0 0 8 9 10 11 12 0 0 0 0 0 13 0 0 0 0 0 0 0 0 0 0 0 0 0 18 0 19 20 21 0 0 0 0 0 0 0 0 0 0 0 0 0 26 0 28 0 29 0 30 0 0 31 0 0 32 33 9 5 17 0 25 0 33 29 69
88 0 3 0 0 0 0 0 5 0 6 7 0 0 0 0 8 9 10 11 12 0 0 0 0 0 13 0 0 0 0 0 0 0 0 0 0 0 0 0 18 0 19 20 21 0 0 0 0 0 41 24 0 25 0 0 0 0 26 27 28 0 29 0 30 0 0 31 0 0 32 33 9 5 17 0 25 21 33 29 70
0 0 0 0 89 0 0 0 29 0 0 0 0 0 0 0 0 0 0 0 0 0 0 0 0 0 0 0 0 0 0 0 0 0 0 0 0 0 0 0 0 0 0 0 0 0 0 0 0 0 0 0 0 0 0 0 0 0 0 0 0 0 0 0 0 0 0 0 0 0 0 0 0 0 0 0 0 0 0 0 71
0 0 0 0 0 0 0 0 0 0 6 7 0 0 0 0 8 9 0 11 90 0 0 0 0 0 13 0 0 0 15 0 16 0 0 17 0 0 0 0 18 0 19 20 21 0 0 0 22 0 23 24 0 25 0 0 0 0 26 27 28 0 29 0 30 0 0 31 0 0 32 33 0 5 17 13 25 21 33 29 72
0 0 0 0 0 0 0 0 0 0 0 0 0 0 0 0 0 0 0 0 0 0 0 0 0 0 0 0 0 0 0 0 0 0 8 9 0 0 0 0 0 0 0 0 0 0 0 0 0 0 0 0 0 0 0 0 0 0 0 0 0 0 0 0 0 0 0 0 0 0 0 0 0 0 0 0 0 0 0 0 73
0 0 0 0 0 0 0 0 0 0 0 0 0 0 0 0 0 0 0 0 7 0 0 0 0 0 9 0 0 0 0 0 0 0 0 0 0 0 0 0 0 0 0 0 0 0 0 0 0 0 0 0 0 0 0 0 0 0 0 0 0 0 0 0 0 0 0 0 0 0 0 0 0 0 0 0 0 0 0 0 74
0 0 0 0 0 0 0 0 0 0 0 0 0 0 0 0 0 0 0 0 0 0 0 0 0 0 0 0 0 0 0 0 0 0 0 0 91 0 0 0 0 0 0 0 0 0 0 0 0 0 0 0 0 0 0 0 0 0 0 0 0 0 0 0 0 0 0 0 0 0 0 0 33 0 0 0 0 0 0 0 75
2 0 3 4 0 0 0 0 5 0 6 7 0 0 0 0 8 9 10 11 12 0 0 0 0 0 13 14 0 0 46 0 0 0 0 17 0 0 0 0 92 0 0 20 21 0 0 0 0 0 0 0 0 0 0 0 0 0 0 0 0 0 0 0 30 0 0 31 0 0 32 33 9 5 17 13 25 0 0 29 76
0 0 0 0 0 0 0 0 0 0 0 0 0 0 0 0 0 0 0 0 0 0 0 0 0 0 0 0 0 0 4 0 0 0 0 5 0 0 0 0 0 0 0 0 0 0 0 0 0 0 0 0 0 0 0 0 0 0 0 0 0 0 0 0 0 0 0 0 0 0 0 0 0 0 0 0 0 0 0 0 77
0 0 0 0 0 0 0 0 0 0 0 0 0 0 0 0 0 0 0 0 0 0 0 0 0 0 0 0 0 0 0 0 0 0 0 0 0 0 0 0 0 0 0 0 0 0 0 0 0 0 0 0 0 0 0 0 0 0 0 0 0 0 0 0 0 0 30 0 0 0 0 0 0 0 0 5 0 0 0 0 78
0 0 0 0 0 0 0 0 0 0 0 0 0 0 0 0 0 0 0 0 0 0 0 0 0 0 0 0 0 0 14 0 0 0 0 0 0 0 0 0 0 0 0 0 0 0 0 0 0 0 0 0 0 0 0 0 0 0 0 0 0 0 0 0 0 0 0 0 0 0 0 0 0 0 0 9 0 0 0 0 79
0 0 0 0 0 0 0 0 0 0 44 0 0 0 0 0 8 9 0 0 0 0 0 0 0 0 0 0 0 0 15 0 16 0 0 17 0 0 0 0 18 0 19 20 21 0 0 0 22 0 23 24 0 25 0 0 0 0 26 27 28 0 29 0 30 0 0 31 0 0 32 33 0 5 0 13 25 21 33 29 80
43 0 0 4 0 0 0 0 5 0 0 0 0 0 0 0 0 0 0 0 0 0 0 0 0 0 0 14 0 0 15 0 16 0 0 17 0 0 0 0 18 0 19 20 21 0 0 0 22 0 23 24 0 25 0 0 0 0 26 27 28 0 29 0 0 0 0 31 0 0 32 33 9 0 0 13 25 21 33 29 81
0 0 0 0 0 0 0 0 0 0 0 0 0 0 0 0 0 0 0 0 0 0 0 0 0 0 0 0 0 0 0 0 0 0 0 0 0 0 0 0 0 0 0 0 0 0 0 0 0 0 0 0 0 0 0 0 26 0 0 0 0 0 0 0 0 0 0 0 0 0 0 0 0 0 25 0 0 0 0 0 82
0 0 0 0 0 0 0 0 0 0 0 0 0 0 0 0 0 0 0 0 11 0 0 0 0 0 0 0 0 0 0 0 0 0 0 0 0 0 0 0 0 0 0 0 0 0 0 0 0 0 0 0 0 0 0 0 0 0 0 0 0 0 0 0 0 0 0 0 0 0 0 0 0 0 5 0 0 0 0 0 83
2 0 3 4 0 0 0 0 5 0 0 0 0 0 0 0 0 0 10 0 12 0 0 0 0 0 13 14 0 0 15 0 16 0 0 17 0 0 0 0 55 0 19 0 21 0 0 0 22 0 23 24 0 25 0 0 0 0 26 27 28 0 29 0 0 0 0 0 0 0 0 0 9 0 17 13 25 21 33 0 84
2 0 3 4 0 0 0 0 5 0 54 7 0 0 0 0 0 9 10 11 12 0 0 0 0 0 13 14 0 0 15 0 16 0 0 17 0 0 0 0 0 0 0 0 0 0 0 0 22 0 23 24 0 25 0 0 0 0 0 27 28 0 29 0 0 0 0 0 0 0 0 0 9 5 17 13 0 21 33 0 85
0 0 0 0 0 0 0 0 0 0 0 0 0 0 0 0 0 0 0 0 0 0 0 0 0 0 0 0 0 0 0 0 0 0 0 0 0 0 0 0 0 0 0 0 0 0 0 0 0 0 0 0 0 0 0 0 0 0 0 0 0 0 0 0 93 0 0 0 0 0 0 0 0 0 0 0 0 0 0 0 86
0 0 0 0 0 0 0 0 0 0 0 0 0 0 0 0 94 0 0 0 0 0 0 0 0 0 0 0 0 0 0 0 0 0 0 0 0 0 0 0 0 0 0 0 0 0 0 0 0 0 0 0 0 0 0 0 0 0 0 0 0 0 0 0 0 0 0 0 0 0 0 0 0 0 0 0 0 0 0 0 87
2 0 3 4 0 0 0 0 5 0 0 0 0 0 0 0 0 0 10 0 12 0 0 0 0 0 13 14 0 0 15 0 16 0 0 17 0 0 0 0 95 0 19 0 21 0 0 0 22 0 23 24 0 25 0 0 0 0 26 27 28 0 29 0 0 0 0 0 0 0 0 0 9 0 17 13 25 21 33 0 88
0 0 0 0 0 0 0 0 0 0 0 0 0 0 0 0 0 0 0 0 0 0 0 0 0 0 0 0 0 0 0 0 0 0 0 0 0 0 0 0 0 0 96 0 0 0 0 0 0 0 0 0 0 0 0 0 0 0 0 0 0 0 0 0 0 0 0 0 0 0 0 0 0 0 0 0 0 0 0 0 89
0 0 0 0 0 0 0 0 0 0 6 7 0 0 0 0 8 9 0 11 12 0 0 0 0 0 13 0 0 0 0 0 0 0 0 0 0 0 0 0 18 0 19 20 21 0 0 0 0 0 41 24 0 25 0 0 0 0 26 27 28 0 29 0 30 0 0 31 0 0 32 33 0 5 17 0 25 21 33 29 90
0 0 0 0 0 0 0 0 0 0 0 0 0 0 0 0 0 0 0 0 0 0 0 0 0 0 0 0 0 0 0 0 0 0 0 0 0 0 0 0 0 0 0 0 0 0 0 0 0 0 0 0 0 0 0 0 0 0 97 0 0 0 0 0 0 0 0 0 0 0 0 0 0 0 0 0 0 0 0 0 91
2 0 3 4 0 0 0 0 5 0 6 7 0 0 0 0 8 9 10 11 12 0 0 0 0 0 13 14 0 0 46 0 0 0 0 17 0 0 0 0 18 0 19 20 21 0 0 0 0 0 0 0 0 0 0 0 0 0 26 0 98 0 29 0 30 0 0 31 0 0 32 33 9 5 17 13 25 0 33 29 92
0 0 0 0 0 0 0 0 0 0 0 0 0 0 0 0 0 0 0 0 0 0 0 0 0 0 0 0 0 0 0 0 0 0 0 0 0 0 99 0 0 0 0 0 0 0 0 0 0 0 0 0 0 0 0 0 0 0 0 0 0 0 0 0 0 0 0 0 0 0 0 0 0 0 0 0 0 0 0 0 93
0 0 0 0 0 0 0 0 0 0 0 0 0 0 0 0 0 0 0 0 0 0 100 0 0 0 0 0 0 0 0 0 0 0 0 0 0 0 0 0 0 0 0 0 0 0 0 0 0 0 0 0 0 0 0 0 0 0 0 0 0 0 0 0 0 0 0 0 0 0 0 0 0 0 0 0 0 0 0 0 94
2 0 3 4 0 0 0 0 5 0 6 7 0 0 0 0 8 9 10 11 12 0 0 0 0 0 13 14 0 0 101 0 0 0 0 17 0 0 0 0 18 0 19 20 21 0 0 0 0 0 0 0 0 0 0 0 0 0 26 0 28 0 29 0 30 0 0 31 0 0 32 33 9 5 17 13 25 0 33 29 95
0 0 0 0 0 0 0 0 0 0 0 0 0 0 0 0 0 0 0 0 0 0 0 0 0 0 0 0 102 0 0 0 0 0 0 0 0 0 0 0 0 0 0 0 0 0 0 0 0 0 0 0 0 0 0 0 0 0 0 0 0 0 0 0 0 0 0 0 0 0 0 0 0 0 0 0 0 0 0 0 96
0 0 0 0 0 0 0 0 0 0 0 0 103 0 0 0 0 0 0 0 0 0 0 0 0 0 0 0 0 0 0 0 0 0 0 0 0 0 0 0 0 0 0 0 0 0 0 0 0 0 0 0 0 0 0 0 0 0 0 0 0 0 0 0 0 0 0 0 0 0 0 0 0 0 0 0 0 0 0 0 97
2 0 3 4 0 0 0 0 5 0 104 7 0 0 0 0 0 9 10 11 12 0 0 0 0 0 13 14 0 0 15 0 16 0 0 17 0 0 0 0 55 0 19 0 21 0 0 0 22 0 23 24 0 25 0 0 0 0 26 27 28 0 29 0 0 0 0 0 0 0 0 0 9 5 17 13 25 21 33 0 98
0 0 0 0 0 0 0 0 0 0 0 0 0 0 0 0 0 0 0 0 0 0 0 0 0 0 0 0 0 0 0 0 0 0 0 0 0 0 0 0 0 0 0 0 0 0 0 0 0 0 0 0 0 0 0 0 3 0 0 0 0 0 5 0 0 0 0 0 0 0 0 0 0 0 0 0 0 0 0 0 99
0 0 0 0 0 0 0 0 0 0 0 0 0 0 0 0 0 0 0 0 0 0 0 0 10 0 0 0 0 0 0 0 0 0 0 0 0 0 0 0 0 0 0 0 0 0 0 0 0 0 0 0 0 0 0 0 0 0 0 0 0 0 0 0 0 0 0 0 0 0 0 0 0 0 0 0 0 0 9 0 100
43 0 0 4 0 0 0 0 5 0 80 0 0 0 0 0 8 9 0 0 0 0 0 0 0 0 0 14 0 0 15 0 16 0 0 17 0 0 0 0 18 0 19 20 21 0 0 0 22 0 23 24 0 25 0 0 0 0 26 27 28 0 29 0 30 0 0 31 0 0 32 33 9 5 0 13 25 21 33 29 101
0 0 0 0 0 0 0 0 0 0 0 0 0 0 16 0 0 17 0 0 0 0 0 0 0 0 0 0 0 0 0 0 0 0 0 0 0 0 0 0 0 0 0 0 0 0 0 0 0 0 0 0 0 0 0 0 0 0 0 0 0 0 0 0 0 0 0 0 0 0 0 0 0 0 0 0 0 0 0 0 102
0 0 0 0 0 0 0 0 0 0 0 0 0 0 0 0 0 0 0 0 0 0 0 0 0 0 0 0 0 0 0 0 0 0 0 0 0 0 0 0 0 0 0 0 0 0 22 0 0 0 0 0 0 0 0 0 0 0 0 0 0 0 0 0 0 0 0 0 0 0 0 0 0 13 0 0 0 0 0 0 103
0 0 0 0 0 0 0 0 0 0 6 7 0 0 0 0 8 9 0 11 12 0 0 0 0 0 13 0 0 0 0 0 0 0 0 0 0 0 0 0 18 0 19 20 21 0 0 0 0 0 23 24 0 25 0 0 0 0 26 27 28 0 29 0 30 0 0 31 0 0 32 33 0 5 17 0 25 21 33 29 104
